int[][] NIVELL_X = {  // reanomena (ex.: NIVELL_3) i afegeix a NIVELLS a ProjFinal.pde
  {1,1,1,1,1,1,1,1,1,1,1,1,1,1,1,1,1,1,1,1,1,1,1,1,1,1,1,1,1,1,1,1,1,1,1},
  {1,0,0,0,0,0,0,0,0,2,2,0,0,0,0,1,0,0,1,0,0,0,0,0,0,0,0,0,0,0,0,0,0,0,1},
  {1,1,1,1,1,7,7,1,1,1,1,0,0,0,0,1,0,0,0,0,0,0,0,0,0,0,0,0,0,0,0,10,0,6,1},
  {1,0,0,0,0,0,0,0,0,0,0,0,0,0,4,1,0,0,1,0,1,1,1,1,8,1,1,1,1,1,1,1,1,1,1},
  {1,1,1,1,1,1,1,1,1,1,1,1,0,1,1,1,0,0,1,0,1,1,1,1,0,0,0,0,0,0,0,0,0,0,1},
  {1,0,0,9,0,0,0,0,0,0,0,0,0,0,0,0,0,0,1,0,1,1,1,1,0,0,0,0,0,0,0,0,0,11,1},
  {1,0,0,1,1,1,1,1,1,1,1,1,1,1,1,1,0,0,1,0,1,1,1,1,8,1,1,1,1,1,1,1,1,1,1},
  {1,0,0,9,0,0,0,0,0,0,0,0,0,0,0,0,0,0,1,0,0,0,0,0,0,0,0,0,0,0,0,0,0,0,1},
  {1,3,3,9,0,0,0,0,0,0,0,0,0,0,0,0,0,13,8,0,0,0,0,0,0,0,0,0,0,10,0,0,0,5,1},
  {1,1,1,1,1,1,1,1,1,1,1,1,1,1,1,1,1,1,1,1,1,1,1,1,1,1,1,1,1,1,1,1,1,1,1}
};

// --- Punt de partida (pare P + ratolí, fill F + ratolí) — substitueix la fila 2 de spawnNivells a Nivells.pde:
  { 33.674f, 2.676f, 19.955f, 8.701f },  // nivell 3 (índex 2 a spawnNivells)

// Les coordenades són en unitats de casella (1 = una casella); escalen si canvies la mida de la finestra.
